K = 1:
Predictions: [0 0 0 2 1 1 2 2 1 2 0 2 1 1 0 1 0 0 0 2 1 0 0 0 2 2 2 2 0 1 2 1 2 2 2 2 1
 2 1 2 2 2 0 2 2]
True Labels: [0 0 0 2 1 1 2 2 1 2 0 2 1 1 0 1 0 0 0 1 2 0 0 0 2 2 1 2 0 1 2 1 2 2 2 2 1
 2 1 2 2 2 0 1 2]
Accuracy: 0.9111 ± 0.0000

K = 2:
Predictions: [0 0 0 2 1 1 2 2 1 2 0 2 1 1 0 1 0 0 0 2 1 0 0 0 2 2 2 2 0 1 2 1 2 2 2 2 1
 2 1 2 2 2 0 2 2]
True Labels: [0 0 0 2 1 1 2 2 1 2 0 2 1 1 0 1 0 0 0 1 2 0 0 0 2 2 1 2 0 1 2 1 2 2 2 2 1
 2 1 2 2 2 0 1 2]
Accuracy: 0.9111 ± 0.0000

K = 3:
Predictions: [0 0 0 2 1 1 2 2 1 2 0 2 1 1 0 1 0 0 0 2 1 0 0 0 2 2 2 2 0 1 2 1 2 2 2 2 1
 2 1 2 2 2 0 1 2]
True Labels: [0 0 0 2 1 1 2 2 1 2 0 2 1 1 0 1 0 0 0 1 2 0 0 0 2 2 1 2 0 1 2 1 2 2 2 2 1
 2 1 2 2 2 0 1 2]
Accuracy: 0.9333 ± 0.0000

K = 4:
Predictions: [0 0 0 2 1 1 2 2 1 2 0 2 1 1 0 1 0 0 0 2 1 0 0 0 2 2 2 2 0 1 2 1 2 2 2 2 1
 2 1 2 2 2 0 2 2]
True Labels: [0 0 0 2 1 1 2 2 1 2 0 2 1 1 0 1 0 0 0 1 2 0 0 0 2 2 1 2 0 1 2 1 2 2 2 2 1
 2 1 2 2 2 0 1 2]
Accuracy: 0.9111 ± 0.0000

K = 5:
Predictions: [0 0 0 2 1 1 2 2 1 2 0 2 1 1 0 1 0 0 0 2 1 0 0 0 2 2 2 2 0 1 2 1 2 2 2 2 1
 2 1 2 2 2 0 1 2]
True Labels: [0 0 0 2 1 1 2 2 1 2 0 2 1 1 0 1 0 0 0 1 2 0 0 0 2 2 1 2 0 1 2 1 2 2 2 2 1
 2 1 2 2 2 0 1 2]
Accuracy: 0.9333 ± 0.0000

K = 6:
Predictions: [0 0 0 2 1 1 2 2 1 2 0 2 1 1 0 1 0 0 0 2 1 0 0 0 2 2 2 2 0 1 2 1 2 2 2 2 1
 2 1 2 2 2 0 2 2]
True Labels: [0 0 0 2 1 1 2 2 1 2 0 2 1 1 0 1 0 0 0 1 2 0 0 0 2 2 1 2 0 1 2 1 2 2 2 2 1
 2 1 2 2 2 0 1 2]
Accuracy: 0.9111 ± 0.0000

K = 7:
Predictions: [0 0 0 2 1 1 2 2 1 2 0 2 1 1 0 1 0 0 0 1 1 0 0 0 2 2 1 2 0 1 2 1 2 2 2 2 1
 2 1 2 2 2 0 1 2]
True Labels: [0 0 0 2 1 1 2 2 1 2 0 2 1 1 0 1 0 0 0 1 2 0 0 0 2 2 1 2 0 1 2 1 2 2 2 2 1
 2 1 2 2 2 0 1 2]
Accuracy: 0.9778 ± 0.0000

K = 8:
Predictions: [0 0 0 2 1 1 2 2 1 2 0 2 1 1 0 1 0 0 0 1 1 0 0 0 2 2 1 2 0 1 2 1 2 2 2 2 1
 2 1 2 2 2 0 1 2]
True Labels: [0 0 0 2 1 1 2 2 1 2 0 2 1 1 0 1 0 0 0 1 2 0 0 0 2 2 1 2 0 1 2 1 2 2 2 2 1
 2 1 2 2 2 0 1 2]
Accuracy: 0.9778 ± 0.0000

K = 9:
Predictions: [0 0 0 2 1 1 2 2 1 2 0 2 1 1 0 1 0 0 0 1 1 0 0 0 2 2 1 2 0 1 2 1 2 1 2 2 1
 2 1 2 2 2 0 1 2]
True Labels: [0 0 0 2 1 1 2 2 1 2 0 2 1 1 0 1 0 0 0 1 2 0 0 0 2 2 1 2 0 1 2 1 2 2 2 2 1
 2 1 2 2 2 0 1 2]
Accuracy: 0.9556 ± 0.0000

K = 10:
Predictions: [0 0 0 2 1 1 2 2 1 2 0 2 1 1 0 1 0 0 0 1 1 0 0 0 2 2 1 2 0 1 2 1 2 2 2 2 1
 2 1 2 2 2 0 1 2]
True Labels: [0 0 0 2 1 1 2 2 1 2 0 2 1 1 0 1 0 0 0 1 2 0 0 0 2 2 1 2 0 1 2 1 2 2 2 2 1
 2 1 2 2 2 0 1 2]
Accuracy: 0.9778 ± 0.0000

